<?xml version="1.0" encoding="UTF-8" standalone="no"?>
<!DOCTYPE svg PUBLIC "-//W3C//DTD SVG 20010904//EN"
              "http://www.w3.org/TR/2001/REC-SVG-20010904/DTD/svg10.dtd">

<svg xmlns="http://www.w3.org/2000/svg"
     width="15.3056in" height="8.5in"
     viewBox="0 0 1102 612">
  <path id="Selección"
        fill="none" stroke="black" stroke-width="1"
        d="M 355.00,79.00
           C 355.00,79.00 355.00,83.00 355.00,83.00
             355.00,83.00 74.00,83.00 74.00,83.00
             74.00,83.00 74.00,402.00 74.00,402.00
             74.00,402.00 69.00,402.00 69.00,402.00
             69.00,402.00 69.00,79.00 69.00,79.00
             69.00,79.00 355.00,79.00 355.00,79.00 Z
           M 1055.00,81.00
           C 1055.00,81.00 1055.00,84.00 1055.00,84.00
             1055.00,84.00 789.00,84.00 789.00,84.00
             789.00,84.00 789.00,81.00 789.00,81.00
             789.00,81.00 1055.00,81.00 1055.00,81.00 Z
           M 1071.00,81.00
           C 1071.00,81.00 1071.00,480.00 1071.00,480.00
             1071.00,480.00 641.00,480.00 641.00,480.00
             641.00,480.00 641.00,465.00 641.00,465.00
             641.00,465.00 1056.00,465.00 1056.00,465.00
             1056.00,465.00 1056.00,81.00 1056.00,81.00
             1056.00,81.00 1071.00,81.00 1071.00,81.00 Z
           M 540.00,156.00
           C 540.00,156.00 540.00,158.00 540.00,158.00
             540.00,158.00 519.00,158.00 519.00,158.00
             519.00,158.00 519.00,156.00 519.00,156.00
             519.00,156.00 540.00,156.00 540.00,156.00 Z
           M 624.00,156.00
           C 624.00,156.00 624.00,158.00 624.00,158.00
             624.00,158.00 603.00,158.00 603.00,158.00
             603.00,158.00 603.00,156.00 603.00,156.00
             603.00,156.00 624.00,156.00 624.00,156.00 Z
           M 539.00,159.00
           C 539.00,159.00 539.00,161.00 539.00,161.00
             539.00,161.00 515.00,161.00 515.00,161.00
             515.00,161.00 515.00,159.00 515.00,159.00
             515.00,159.00 539.00,159.00 539.00,159.00 Z
           M 583.00,159.00
           C 583.00,159.00 583.00,161.00 583.00,161.00
             583.00,161.00 563.00,161.00 563.00,161.00
             563.00,161.00 563.00,159.00 563.00,159.00
             563.00,159.00 583.00,159.00 583.00,159.00 Z
           M 629.00,159.00
           C 629.00,159.00 629.00,161.00 629.00,161.00
             629.00,161.00 604.00,161.00 604.00,161.00
             604.00,161.00 604.00,159.00 604.00,159.00
             604.00,159.00 629.00,159.00 629.00,159.00 Z
           M 932.00,205.00
           C 932.00,205.00 932.00,219.00 932.00,219.00
             932.00,219.00 919.00,219.00 919.00,219.00
             919.00,219.00 919.00,205.00 919.00,205.00
             919.00,205.00 932.00,205.00 932.00,205.00 Z
           M 220.00,208.00
           C 220.00,208.00 220.00,218.00 220.00,218.00
             220.00,218.00 210.00,218.00 210.00,218.00
             210.00,218.00 210.00,208.00 210.00,208.00
             210.00,208.00 220.00,208.00 220.00,208.00 Z
           M 932.00,330.00
           C 932.00,330.00 932.00,344.00 932.00,344.00
             932.00,344.00 919.00,344.00 919.00,344.00
             919.00,344.00 919.00,330.00 919.00,330.00
             919.00,330.00 932.00,330.00 932.00,330.00 Z
           M 220.00,338.00
           C 220.00,338.00 220.00,348.00 220.00,348.00
             220.00,348.00 210.00,348.00 210.00,348.00
             210.00,348.00 210.00,338.00 210.00,338.00
             210.00,338.00 220.00,338.00 220.00,338.00 Z
           M 73.00,403.00
           C 73.00,403.00 73.00,423.00 73.00,423.00
             73.00,423.00 65.00,424.95 65.00,424.95
             62.65,424.80 59.92,422.65 58.00,421.34
             53.49,418.27 46.21,415.14 47.00,409.00
             47.00,409.00 69.00,422.00 69.00,422.00
             69.00,422.00 69.00,403.00 69.00,403.00
             69.00,403.00 73.00,403.00 73.00,403.00 Z
           M 73.00,448.00
           C 73.00,448.00 73.00,464.00 73.00,464.00
             73.00,464.00 69.00,464.00 69.00,464.00
             69.00,464.00 69.00,448.00 69.00,448.00
             69.00,448.00 73.00,448.00 73.00,448.00 Z
           M 502.00,465.00
           C 502.00,465.00 502.00,480.00 502.00,480.00
             502.00,480.00 68.00,480.00 68.00,480.00
             68.00,480.00 68.00,465.00 68.00,465.00
             68.00,465.00 502.00,465.00 502.00,465.00 Z
           M 640.00,477.00
           C 640.00,477.00 640.00,480.00 640.00,480.00
             640.00,480.00 503.00,480.00 503.00,480.00
             503.00,480.00 503.00,477.00 503.00,477.00
             503.00,477.00 640.00,477.00 640.00,477.00 Z" />
</svg>
